Silhouette Scores:
0.9102180502781488
0.8792902891028823
0.8190822651732488
0.7583985858145197
0.6993581810075531
0.6595469777599023
0.601575829613564

Entropy Scores:
0.0
0.0
0.0
2.954659614406996e-05
0.0010200527014603278
0.006410478636155625
0.050331314221015666

Calinski Harabasz Scores:
436442.48358157306
269536.58135830023
108425.24593236785
55447.26390053845
33558.20256050903
24644.398938551847
14240.6005302457

Davies-Bouldin Scores:
7.894260855888171
5.861908637097274
3.92717240504262
2.951785875608086
2.339408765656562
1.9869432435695507
1.4872354122853557

Dunn-Index Scores:
1.2123562104279737
0.8156169687733302
0.23949205672023935
0.02114926030132233
0.005968330978744365
0.0028224073232616938
0.001319465675809865

Gap Scores:
2.75918461044456
2.5792571288482726
2.1283232797914877
1.9582789306617485
1.8507283121030564
1.7437997050853742
2.0321085467654036
