Silhouette Scores:
0.826778672767034
0.6592760228838624
0.5272159146517433
0.46556456601135915
0.455114540390092
0.45924393172903877
0.4738572700965478
0.4939617938196621

Entropy Scores:
0.0
4.876314732116249e-06
2.1034595925062405e-05
6.105571543990607e-05
5.842993797511298e-05
1.5263767362938552e-05
0.00029435866249993836
1.0416283263925408e-05

Calinski Harabasz Scores:
111309.12605647981
28452.05685145419
15389.975628062177
12698.49960172961
12531.559409246973
12907.271665987455
13786.925543915115
14905.2259666511

Davies-Bouldin Scores:
4.090027746587214
2.0547189784086863
1.4558987142373738
1.2738072407981256
1.254147227465876
1.2780098181959436
1.341581986651557
1.4258223748396701

Dunn-Index Scores:
0.4720035165115377
0.0040908921395065734
0.0012498544178093994
0.0019041389808481422
0.0013109575864989453
0.0013458973123709624
0.000413542150683246
0.0012599756091339921

Gap Scores:
2.7079641484318495
2.260411381072693
2.0287307190187223
2.0062098305682508
1.9164139126419144
1.8712077056688408
1.974175454965616
2.079750832421812
