Silhouette Scores:
0.9555199689347457
0.911855394691454
0.7779222632441234
0.5704099887539014
0.4581589744739532
0.38933478637821317
0.36299859583480976
0.3470879612364933
0.3312979710268764
0.3271043636737618

Complementary Entropy Scores:
0.0
0.0
0.0
5.6553719499641275e-06
4.166543388539612e-05
5.5861872986784356e-05
2.954659614406996e-05
1.803376315223648e-05
0.00011091723728462455
0.0004224912054681118

Calinski Harabasz Scores:
1982829.334281873
506162.3181177838
79717.16974513458
20623.084932582766
11709.908851146729
8142.4467077652
6953.081828459027
6298.91784163725
5669.622052572249
5547.108590162533

Reciprocal Davies-Bouldin Scores:
15.91186618182164
8.029532601304252
3.1934063743931556
1.6121400409211633
1.2150315362977906
1.015834716341211
0.9453675016213235
0.8998780519627407
0.8565460550180054
0.8497899693595073

Dunn-Index Scores:
4.014458293362928
1.6000169198209626
0.09570877316833076
0.005092447354817787
0.0013007932965054157
0.0013143638987093672
0.0010162078092910423
0.0012254040153573589
0.0009699531835269284
0.00048082234008875647

Gap Scores:
3.2115586039017683
2.2906473784203936
1.6320026322477466
1.3246210684202033
1.453931400808651
1.3881561122285024
1.6364538419893293
1.5257935972674908
1.4904224451946657
1.737076288497894
