Silhouette Scores:
0.3681268943625563
0.31963217366984964
0.33330616421143017
0.5666760710627753
0.6203605989303892
0.6939149400527914

Complementary Entropy Scores:
2.926497618516155e-05
0.00021444211155641213
0.00011979346350476927
0.00199911612770054
0.00031125193185210787
2.01940283344193e-05

Calinski Harabasz Scores:
650.8830952873792
461.65391906801995
423.83129754264303
601.4623272315456
702.473197528278
624.1467888830356

Reciprocal Davies-Bouldin Scores:
0.9128165208306367
0.7822467533486653
0.800554893832627
1.415724930556072
1.6563000269555037
2.115431697449024

Dunn-Index Scores:
0.008627196775319366
0.007269365366883504
0.020584883474051907
0.2718311532528691
0.40220354049683515
0.6904853497806444

Gap Scores:
0.1757418097353618
0.2349991414227519
0.2295728657943652
0.6119730141280586
0.8075163339806775
1.1889401225538831
