Silhouette Scores:
0.49161837444257434
0.48692214735226064
0.47062707553933103
0.45334674713485373
0.43400316886530144
0.41521266130013307

Complementary Entropy Scores:
5.6553719499641275e-06
1.1541560629435565e-07
6.492137422209332e-06
2.8853900935210675e-08
0.00019878365279135668
2.885392005325116e-06

Calinski Harabasz Scores:
14904.01753144198
14632.174841274398
13553.690322788098
12208.399956027215
10870.026546771185
9675.56350241952

Reciprocal Davies-Bouldin Scores:
1.2829150237670282
1.2792806306113702
1.2469288625393617
1.2047777764723344
1.1486696770815294
1.0923658434061891

Dunn-Index Scores:
0.0010658624435028422
0.002587346538923266
0.002186609496222375
0.0015989065621708058
0.0014074688889251083
0.0022105821518462907

Gap Scores:
1.1691821227489179
1.237899814711711
1.0459852613603307
1.017571733727892
1.1184272979018335
1.18865817062807
