Silhouette Scores:
0.3438674412652773
0.34851745062320316
0.4321570508701087
0.4969480708783215
0.5236673002637073
0.5231770338185358

Entropy Scores:
0.9988339010532259
0.999107261904943
0.9333930737612746
0.9482102328088211
0.9593795191444577
0.9775696629057534

Calinski Harabasz Scores:
232.84604101170015
238.97790104784772
281.0543090934223
377.5125634095005
454.7914778141793
505.69498593279224

Davies-Bouldin Scores:
1.208771499761885
1.1906110774485672
1.0594174615126835
0.925802416480313
0.8398935005109184
0.8043264661462324

Dunn-Index Scores:
0.014737408903722795
0.009406161169058909
0.021262804003380913
0.022973836304669155
0.026919615168873923
0.0202996646094552

Gap Scores:
0.6548276223922642
0.6011052768463452
0.5889480357996404
0.6509829971353138
1.0049395692209397
1.0381100813089925
