Silhouette Scores:
0.3451199635618048
0.35580351721136105
0.44126862660431493
0.5095198912089374
0.5381469444067843
0.5407000744780261

Entropy Scores:
0.9941598092516277
0.9772525577331418
0.9118063409237643
0.9424114403143551
0.9571519685431349
0.9860247628789438

Calinski Harabasz Scores:
213.64487643647544
218.72277608959106
265.85344884335154
365.49034968883984
446.4309372702577
506.233495175216

Davies-Bouldin Scores:
0.8283090249534153
0.8461105542052633
0.9802237396653194
1.10974530069456
1.2280538691214733
1.2809152684582727

Dunn-Index Scores:
0.025782088504119838
0.021818758061990524
0.019814280204338782
0.022973836304669155
0.02764683689602595
0.02042393649681793

Gap Scores:
0.693213749935039
0.522373994259864
0.5336939232978666
0.8871449553215405
0.917734644276692
0.893829267899644
