Silhouette Scores:
0.9162273682938564
0.8579512045495866
0.8025668025570225
0.7778783997595492
0.7452429030767348
0.7184588718591018
0.6938187196110077
0.6671309251016889
0.6566727323657962
0.6636307480303566

Complementary Entropy Scores:
0.004621561179774192
0.023499531242175853
0.004621561179774192
0.000288558247189985
0.007225546012191719
0.0025984114322603613
0.007225546012191719
0.001154464004798239
0.0025984114322603613
0.001154464004798239

Calinski Harabasz Scores:
1942.9336360652742
1083.4396414284327
767.0519169238753
695.3984273890599
570.8600011625614
505.06451419818853
424.98253329196586
378.9644820454651
362.48594301541436
373.3814474841255

Reciprocal Davies-Bouldin Scores:
8.013905163773297
4.642708424962949
3.462638109223212
3.1535534253801547
2.8067796940087857
2.6419658564926944
2.4176117997140185
2.321772450209527
2.2619623919125824
2.2823937983441476

Dunn-Index Scores:
0.09360699187246248
0.07981264746731914
0.07981264746731914
0.07483511996408045
0.0558157622960448
0.024155427051423418
0.1390886305581963
0.03091360393976064
0.06832007166377155
0.017762916219696678

Gap Scores:
0.4913484072477826
0.12050144478365288
-0.09182470068201809
-0.058512659239029596
-0.29356501949038516
-0.18682690828853965
-0.12372973291195177
-0.13484189800494684
-0.0648273445992047
0.05845550343888972
