Silhouette Scores:
0.9107170137740505
0.8807191843678521
0.8198317149856467
0.7580391904531006
0.7036598986820074
0.6634988993445572
0.6031533865326677

Entropy Scores:
1.0
1.0
1.0
0.9999307206751806
0.9986408718101258
0.9932302049590347
0.9522708919433757

Calinski Harabasz Scores:
445642.738376022
276377.4170631263
109747.79203600375
55638.340516955286
34940.53222305392
25355.597123413223
14455.489211514885

Davies-Bouldin Scores:
0.126044256237044
0.16839542236032856
0.2530483000759113
0.33774506254568915
0.4202733074359031
0.49677900022328125
0.6670156679475095

Dunn-Index Scores:
1.163148300537837
0.9478793452006403
0.27685136480034056
0.006101142552542518
0.004541445285366333
0.004087744998376663
0.001541115101675547

Gap Scores:
2.7554963534487644
2.486699929744992
2.0752516604992497
1.6928941357464034
1.7231895444535752
1.7902103012571526
1.9497444376310202
