Silhouette Scores:
0.49009031016560856
0.4841185817515101
0.46751733132684287
0.44916867722085624
0.4306627407565132
0.4122345838733777

Entropy Scores:
0.9999583345661146
0.9999935078625778
0.9999561127718333
0.9999981533495598
0.9999441381270132
0.9997610476545457

Calinski Harabasz Scores:
14798.304749542132
14463.025717889692
13340.000019392808
11987.54548910198
10674.211952069176
9510.767536604159

Davies-Bouldin Scores:
0.7820622020364276
0.7869508522602806
0.8063912685675559
0.8382383841711447
0.8783849357123567
0.9225188499325266

Dunn-Index Scores:
0.0017816755186380497
0.001831438989787381
0.0016876123159799954
0.0011236753949883215
0.0008874960930238962
0.001144665983086674

Gap Scores:
1.3333595426647342
1.1698413471549296
0.9801453501907451
1.0720323423096554
1.1182853930457242
1.230479295446223
