Silhouette Scores:
0.37002558990889267
0.37466029240314525
0.3391849067682406
0.5611097070043679
0.6159934503559562
0.7013367810904501

Entropy Scores:
0.9987100614554368
0.9982994837029029
0.9994142572260771
0.9930554830121975
0.999824978238665
0.9959094138937685

Calinski Harabasz Scores:
727.6926346065527
673.3636011739477
423.49330295223314
623.4281112736716
649.281728033377
643.5210455929389

Davies-Bouldin Scores:
1.074016115325219
1.0681524943871945
1.2164810983049135
0.7226540645972305
0.613790331429535
0.4570048765333451

Dunn-Index Scores:
0.00515730797201139
0.007465320709616853
0.00874210073434155
0.28062504435962127
0.4190263479487567
0.6469573385017849

Gap Scores:
0.24517444676564182
0.18248829655627663
0.2115404636324829
0.5402796392584079
0.7668515424105204
1.0912518009750798
