Silhouette Scores:
0.7706723348562791
0.7585633688822556
0.7238864378220827
0.5795484736426669
0.4723458767121874
0.5030904137954038

Complementary Entropy Scores:
0.5310044064107189
0.5310044064107189
0.5303707418195363
0.4100284582716116
0.01629173737681422
0.003680531734662429

Calinski Harabasz Scores:
24943.33967253511
23128.71542435547
18608.7761874067
11417.516821714202
13268.932063266102
15337.749281248734

Reciprocal Davies-Bouldin Scores:
3.0477864030310604
2.9148007660349204
2.5770850150305473
1.5711414815217286
1.3344962128845632
1.4597717695458408

Dunn-Index Scores:
1.0761201701629974
0.7081650580855475
0.06918962632914606
0.0013232686217061263
0.0013980998672193936
0.0012353721534575349

Gap Scores:
1.6102322745182152
1.343893165144503
0.9636893929766979
1.2210871029189274
1.4990548412200937
1.4852715566788088
